17 3 6 2 79 61 79 
59 5 2 5 79 61 88
106 5 9 6 88 61 79
81 7 6 5 79 88 79
48 4 1 3 88 61 88
12 1 3 5 79 61 79
74 8 4 5 61 88 61
62 6 5 6 79 88 79
30 8 6 1 79 61 88
107 9 7 5 79 61 88
31 9 1 6 88 79 61
45 2 7 9 88 61 79
63 2 1 6 88 79 79
71 3 7 6 79 88 61
31 2 3 8 79 88 79
29 6 7 8 79 61 79
70 5 1 5 88 61 88
38 7 3 1 88 79 79
30 1 8 2 61 79 88
28 9 4 3 61 79 61
43 9 2 7 88 61 79
57 7 4 3 79 61 88
21 4 3 1 88 79 61
31 1 3 9 88 61 79
110 4 5 6 88 61 88
20 5 1 9 79 61 79
71 9 5 3 88 61 79
110 2 5 8 88 61 88
90 7 5 7 88 61 79
77 5 6 7 61 79 88
58 4 8 2 88 61 79
96 7 2 8 79 61 88
70 1 6 8 79 88 61
161 9 1 7 88 79 88
32 3 6 2 61 79 88
84 7 6 4 79 88 61
22 6 8 1 61 79 61
84 5 4 3 88 79 88
18 1 3 7 61 79 79
29 9 2 9 79 61 79
67 8 9 5 88 79 79
20 6 8 3 79 61 79
24 6 1 8 79 88 79
57 3 1 5 88 79 61
26 1 9 7 79 88 79
29 2 3 6 79 88 79
15 1 2 1 61 88 79
24 4 8 6 61 79 79
89 2 7 8 88 79 79
18 1 6 2 79 88 79 